QR1H|4|2|2.595,0.983,0.441,0.45
QR5UT|9|0|0.175,0.136,0.135,0.287,0.421,0.389,0.159,0.106,0.056
QRFRB4CPX|9|2|0.244,0.22,0.208,0.181,0.198,0.194,0.208,0.568,0.604
QRFRB4CPX|9|0|0.281,0.233,0.237,0.214,0.234,0.208,0.245,0.242,0.224
QRFRB4CPX|9|2|0.214,0.195,0.186,0.155,0.168,0.155,0.171,0.473,0.45
QRFRB4CPX|9|0|0.227,0.199,0.196,0.171,0.189,0.18,0.203,0.196,0.189
QR5UT|7|0|0.415,0.236,0.19,0.096,0.043,0.124,0.073
QRFRB4CPX|4|0|0.019,9.149,0.007,0.002
QRFRB4CPX|4|0|0.007,3.545,0.002,0.001
QRFRB4CPX|4|0|0.007,3.842,0.003,0.001
QRQQYTO12D|11|2|0.45,0.388,0.584,0.301,0.31,0.258,0.189,0.026,0.104,0.04,0.003
QR5UT|6|6|0.892,0.615,1.121,0.765,1.111,0.84
QR1H|5|0|0.278,0.138,0.138,0.077,0.05
QRGJ93635GL|10|7|0.253,0.546,0.704,0.363,0.472,0.694,0.836,0.655,0.445,0.621
QR2INKP0TH|8|0|0.169,0.168,0.179,0.089,0.042,0.057,0.161,0.05
QR2INKP0TH|8|0|0.075,0.062,0.062,0.025,0.012,0.015,0.035,0.011
QR5UT|10|0|0.002,0.0,0.001,0.0,0.0,0.0,0.0,0.007,0.003,0.004
QR5UT|2|0|2.441,4.19
QR2INKP0TH|5|1|0.001,1.296,0.001,0.001,0.001
QR5UT|4|0|0.008,0.004,0.004,0.004
QR5UT|11|0|0.007,0.024,0.021,0.02,12.547,14.134,0.009,32.251,17.907,0.013,0.009
QR1H|5|0|0.016,0.012,0.007,0.048,0.048
QRFRB4CPX|7|0|0.019,0.014,0.0,0.0,0.0,0.0,0.0
QRFRB4CPX|7|0|0.018,0.013,0.0,0.0,0.0,0.0,0.0
QRFRB4CPX|11|0|0.115,0.087,0.065,0.061,0.063,0.036,0.23,0.153,0.074,0.104,0.104
QRGJ93635GL|8|1|0.117,0.085,0.06,0.06,0.358,0.31,0.509,0.233
QR5UT|13|8|1.163,0.927,0.716,0.763,0.693,0.495,0.504,0.281,0.458,0.31,0.442,0.306,0.306
QR5UT|6|2|0.586,0.476,0.16,0.108,0.046,0.044
QRFRB4CPX|10|0|0.002,0.01,0.004,0.004,0.005,0.001,1.963,0.005,0.001,0.005
QRFRB4CPX|10|0|0.001,0.009,0.004,0.004,0.004,0.001,4.939,0.013,0.004,0.015
QRFRB4CPX|10|0|0.001,0.01,0.004,0.004,0.004,0.001,2.04,0.006,0.002,0.006
QR5UT|10|0|0.025,0.065,0.076,0.037,9.324,0.036,16.963,0.039,0.013,0.01
QRFRB4CPX|10|0|0.021,0.046,0.049,0.022,5.678,0.018,29.403,0.067,0.029,0.023
QR5UT|3|3|0.618,0.653,0.99
QR5UT|8|0|0.081,0.011,43.68,43.68,9.365,28.036,29.436,0.021
QR5UT|7|0|0.13,7.179,0.086,0.069,0.138,0.069,0.027
QR5UT|11|2|0.013,0.061,0.06,0.009,0.008,0.007,0.276,0.569,0.515,0.405,0.381
QR5UT|11|0|0.265,0.169,0.042,0.035,0.033,0.018,0.032,0.027,0.009,0.063,0.063
QR5UT|11|0|0.125,0.118,0.137,0.117,0.073,0.27,0.165,0.156,0.173,0.038,0.166
QRFRB4CPX|5|0|2.2,0.0,0.003,0.003,0.034
QR2INKP0TH|11|0|0.069,0.134,0.102,0.102,0.059,0.054,0.071,0.081,0.081,0.046,0.023
QR2INKP0TH|11|0|0.053,0.103,0.078,0.078,0.044,0.035,0.05,0.057,0.057,0.03,0.014
QRFRB4CPX|6|1|0.098,0.109,0.32,0.391,0.517,0.182
QRFRB4CPX|6|1|0.09,0.119,0.358,0.422,0.603,0.232
QR5UT|1|1|1.299
QRQQYTO12D|11|0|0.045,0.026,0.011,0.013,0.017,0.028,0.024,0.025,0.014,0.133,0.152
QR2INKP0TH|5|0|0.011,0.017,0.021,2.548,0.015
QR5UT|12|8|0.715,0.992,1.13,1.144,1.307,1.559,1.715,1.855,0.892,0.753,0.753,0.548
QR5UT|8|0|0.081,0.084,0.081,0.041,0.023,0.017,0.202,0.083
QRO87P1EA91|11|0|0.032,0.009,0.007,0.158,0.184,0.089,0.03,0.025,0.021,0.014,0.044
QRFRB4CPX|7|0|0.08,0.153,0.38,0.26,0.222,0.207,0.434
QRFRB4CPX|7|0|0.1,0.198,0.427,0.312,0.284,0.259,0.198
QRFRB4CPX|7|0|0.077,0.146,0.373,0.251,0.21,0.201,0.145
QRFRB4CPX|7|0|0.08,0.162,0.403,0.297,0.268,0.242,0.181
QRFRB4CPX|7|0|0.07,0.135,0.326,0.22,0.178,0.172,0.364
QRFRB4CPX|7|0|0.074,0.141,0.357,0.249,0.207,0.204,0.15
QR5UT|5|0|0.073,0.044,0.012,0.014,11.041
QR5UT|10|0|0.04,0.056,0.033,0.018,0.014,2.193,1.779,0.0,0.003,0.0
QR5UT|8|0|0.27,0.236,0.078,0.063,0.079,0.033,0.025,0.026
QR1H|3|0|0.199,0.199,0.147
QR5UT|8|0|0.199,0.098,0.044,0.063,0.138,0.205,0.171,0.121
QR5UT|5|1|0.005,0.006,0.017,0.015,0.945
QRT6SE3P|6|0|0.006,0.006,0.006,0.065,0.03,36.148
QR5UT|10|0|0.329,0.272,0.229,0.222,0.245,0.203,0.198,0.212,0.126,0.148
QR5UT|7|0|0.361,0.303,0.204,0.152,0.174,0.122,0.14
QR5UT|6|0|0.212,0.018,0.007,0.009,0.009,0.007
QR5UT|8|0|0.0,0.0,0.0,0.0,0.001,0.003,0.001,0.014
QR5UT|6|0|0.135,0.24,0.224,0.132,0.139,0.198
QR2VS5|3|0|0.281,0.028,0.019
QR1H|3|0|0.099,0.115,0.18
QRO87P1EA91|8|8|0.502,0.67,0.637,0.583,0.78,0.958,0.729,0.729
QRFRB4CPX|1|0|0.343
QR5UT|6|0|0.02,0.014,0.025,0.009,0.023,0.007
QR5UT|7|4|0.44,0.48,0.576,0.611,0.488,0.362,0.393
QR5UT|3|2|0.47,0.485,0.398
QRO87P1EA91|2|2|0.634,0.497
QRFRB4CPX|1|0|1.507
QRFRB4CPX|1|1|0.644
QRFRB4CPX|1|1|0.5
QRFRB4CPX|1|1|0.63
QR5UT|3|1|1.504,1.542,1.279
QR5UT|2|0|0.21,0.222
QR1H|3|0|0.099,0.028,0.036
QR5UT|9|0|0.0,0.0,0.007,0.018,0.014,0.005,0.001,0.001,0.0
QRFRB4CPX|12|6|0.709,0.632,0.698,0.455,0.567,0.482,0.327,0.332,0.133,0.094,0.064,0.107
QRFRB4CPX|12|4|0.644,0.569,0.667,0.414,0.491,0.423,0.277,0.285,0.333,0.252,0.211,0.306
QRFRB4CPX|8|7|0.411,0.619,0.715,0.751,0.693,0.918,1.0,1.107
QRFRB4CPX|11|3|0.431,0.204,0.305,0.321,0.296,0.221,0.32,0.926,1.24,1.165,1.309
QRFRB4CPX|8|8|0.882,1.131,1.033,0.888,0.935,0.907,0.903,1.002
QRFRB4CPX|8|8|0.82,0.99,0.917,0.794,0.801,0.773,0.723,0.825
QRFRB4CPX|8|8|0.88,1.049,0.937,0.839,0.885,0.868,0.839,0.98
QRFRB4CPX|9|0|23.768,23.768,0.009,0.015,0.014,0.016,0.012,0.011,0.009
QR5UT|7|2|0.407,0.382,0.367,0.422,0.51,0.305,0.548
QR1H|4|2|1.612,1.423,1.208,0.89
QR5UT|11|10|0.577,0.582,0.57,0.537,0.549,0.619,0.552,0.588,0.557,0.459,0.391
QRFRB4CPX|7|0|3.121,0.004,0.0,0.014,0.014,0.012,0.034
QRFRB4CPX|7|0|3.435,0.005,0.0,0.017,0.015,0.015,0.014
QR2INKP0TH|11|0|0.267,0.251,0.06,0.024,0.032,0.013,0.005,0.006,0.007,0.004,0.007
QR1H|3|0|7.956,28.679,175.338
QR5UT|10|2|0.316,0.396,0.32,0.431,0.603,0.639,0.402,0.292,0.297,0.372
QR5UT|1|0|9.282
QR5UT|2|2|0.619,0.895
QRGJ93635GL|11|7|0.246,0.348,0.438,0.584,0.392,0.683,0.494,0.559,0.625,0.714,0.761
QRO87P1EA91|13|3|0.603,0.582,0.476,0.414,0.407,0.239,0.195,0.35,0.202,0.198,0.155,0.181,0.181
QRT6SE3P|7|0|1.664,1.734,2.612,2.075,1.978,1.723,0.352
QR5UT|12|0|0.016,0.008,0.008,0.005,0.06,0.014,0.014,0.006,0.004,0.005,0.016,0.062
QRFRB4CPX|10|1|0.193,0.138,0.131,0.115,0.108,0.12,0.303,0.345,0.39,0.46
QRFRB4CPX|10|0|0.197,0.145,0.144,0.13,0.123,0.142,0.123,0.144,0.146,0.197
QR5UT|2|0|5.783,8.072
QR5UT|9|8|0.446,0.464,0.631,0.643,0.546,0.686,0.556,0.527,0.52
QRFRB4CPX|11|3|1.265,1.203,1.1,1.376,2.48,2.367,2.306,6.171,5.036,5.189,5.085
QRFRB4CPX|11|2|1.454,1.273,1.256,1.623,2.942,2.542,2.715,2.636,1.867,1.765,2.073
QRFRB4CPX|11|4|1.229,1.119,1.081,1.361,2.41,2.239,2.207,2.046,1.398,1.183,1.348
QRFRB4CPX|11|2|1.155,1.311,1.232,1.487,2.895,3.023,2.669,2.581,2.082,1.976,2.172
QRFRB4CPX|11|4|1.107,1.069,0.984,1.18,2.114,1.895,1.898,5.147,3.757,3.878,3.866
QRFRB4CPX|11|3|1.173,1.091,1.04,1.302,2.375,2.199,2.255,2.126,1.579,1.491,1.668
QR1H|5|0|0.114,0.019,0.019,0.005,0.001
QR5UT|2|0|7.482,7.482
QRFRB4CPX|11|0|0.204,0.156,0.217,0.162,0.115,0.095,0.105,0.074,0.183,0.095,0.129
QRFRB4CPX|11|0|0.208,0.159,0.221,0.176,0.132,0.109,0.124,0.088,0.076,0.038,0.059
QR2INKP0TH|7|1|2.641,1.852,1.792,0.626,0.34,0.34,0.09
QRFRB4CPX|10|0|0.251,0.251,0.343,0.17,0.251,0.23,0.253,0.209,0.232,0.025
QR1H|3|0|0.053,2.399,7.171
QRFRB4CPX|14|4|1.424,0.962,0.809,0.875,0.805,0.402,0.212,0.223,0.078,0.15,0.071,0.071,0.002,0.002
QRFRB4CPX|14|5|1.191,0.806,0.711,0.559,0.57,0.343,0.167,0.15,0.06,0.109,0.043,0.043,0.001,0.001
QRFRB4CPX|14|5|1.293,0.732,0.641,0.537,0.52,0.297,0.146,0.127,0.052,0.273,0.115,0.115,0.004,0.004
QR2INKP0TH|9|0|0.011,0.011,0.018,0.025,0.032,0.035,0.028,40.878,44.723
QR5UT|9|0|0.012,0.012,0.019,0.025,0.03,0.032,0.023,35.907,38.468
